test_date,county,new_positives,cumulative_number_of_positives,total_number_of_tests,cumulative_number_of_tests
2020-03-02T00:00:00.000,Albany,0,0,0,0
2020-03-03T00:00:00.000,Albany,0,0,0,0
2020-03-04T00:00:00.000,Albany,0,0,0,0
2020-03-05T00:00:00.000,Albany,0,0,3,3
2020-03-06T00:00:00.000,Albany,0,0,0,3
2020-03-07T00:00:00.000,Albany,0,0,5,8
2020-03-08T00:00:00.000,Albany,0,0,2,10
2020-03-09T00:00:00.000,Albany,0,0,3,13
2020-03-10T00:00:00.000,Albany,0,0,2,15
2020-03-11T00:00:00.000,Albany,0,0,13,28
2020-03-12T00:00:00.000,Albany,1,1,11,39
2020-03-13T00:00:00.000,Albany,2,3,26,65
2020-03-14T00:00:00.000,Albany,3,6,108,173
2020-03-15T00:00:00.000,Albany,6,12,108,281
2020-03-16T00:00:00.000,Albany,11,23,140,421
2020-03-17T00:00:00.000,Albany,13,36,267,688
2020-03-18T00:00:00.000,Albany,7,43,331,1019
2020-03-19T00:00:00.000,Albany,18,61,450,1469
2020-03-20T00:00:00.000,Albany,27,88,499,1968
2020-03-21T00:00:00.000,Albany,35,123,577,2545
2020-03-22T00:00:00.000,Albany,4,127,197,2742
2020-03-23T00:00:00.000,Albany,19,146,144,2886
2020-03-24T00:00:00.000,Albany,6,152,198,3084
2020-03-25T00:00:00.000,Albany,19,171,93,3177
2020-03-26T00:00:00.000,Albany,16,187,112,3289
2020-03-27T00:00:00.000,Albany,8,195,101,3390
2020-03-28T00:00:00.000,Albany,10,205,73,3463
2020-03-29T00:00:00.000,Albany,12,217,61,3524
2020-03-30T00:00:00.000,Albany,9,226,72,3596
2020-03-31T00:00:00.000,Albany,14,240,108,3704
2020-04-01T00:00:00.000,Albany,13,253,106,3810
2020-04-02T00:00:00.000,Albany,14,267,105,3915
2020-04-03T00:00:00.000,Albany,26,293,123,4038
2020-04-04T00:00:00.000,Albany,12,305,117,4155
2020-04-05T00:00:00.000,Albany,14,319,89,4244
2020-04-06T00:00:00.000,Albany,14,333,86,4330
2020-04-07T00:00:00.000,Albany,9,342,74,4404
2020-04-08T00:00:00.000,Albany,37,379,229,4633
2020-04-09T00:00:00.000,Albany,47,426,332,4965
2020-04-10T00:00:00.000,Albany,20,446,159,5124
2020-04-11T00:00:00.000,Albany,32,478,223,5347
2020-04-12T00:00:00.000,Albany,21,499,193,5540
2020-04-13T00:00:00.000,Albany,36,535,216,5756
2020-04-14T00:00:00.000,Albany,13,548,106,5862
2020-04-15T00:00:00.000,Albany,33,581,301,6163
2020-04-16T00:00:00.000,Albany,38,619,273,6436
2020-04-17T00:00:00.000,Albany,29,648,291,6727
2020-04-18T00:00:00.000,Albany,34,682,305,7032
2020-04-19T00:00:00.000,Albany,5,687,103,7135
2020-04-20T00:00:00.000,Albany,17,704,164,7299
2020-04-21T00:00:00.000,Albany,33,737,236,7535
2020-04-22T00:00:00.000,Albany,21,758,178,7713
2020-04-23T00:00:00.000,Albany,47,805,319,8032
2020-04-24T00:00:00.000,Albany,94,899,626,8658
2020-04-25T00:00:00.000,Albany,49,948,402,9060
2020-04-26T00:00:00.000,Albany,31,979,263,9323
2020-04-27T00:00:00.000,Albany,30,1009,197,9520
2020-04-28T00:00:00.000,Albany,58,1067,351,9871
2020-04-29T00:00:00.000,Albany,98,1165,439,10310
2020-04-30T00:00:00.000,Albany,39,1204,378,10688
2020-05-01T00:00:00.000,Albany,34,1238,434,11122
2020-05-02T00:00:00.000,Albany,20,1258,441,11563
2020-05-03T00:00:00.000,Albany,29,1287,391,11954
2020-05-04T00:00:00.000,Albany,7,1294,130,12084
2020-05-05T00:00:00.000,Albany,27,1321,367,12451
2020-05-06T00:00:00.000,Albany,27,1348,407,12858
2020-05-07T00:00:00.000,Albany,36,1384,385,13243
2020-05-08T00:00:00.000,Albany,32,1416,488,13731
2020-05-09T00:00:00.000,Albany,16,1432,455,14186
2020-05-10T00:00:00.000,Albany,24,1456,384,14570
2020-05-11T00:00:00.000,Albany,23,1479,341,14911
2020-05-12T00:00:00.000,Albany,15,1494,335,15246
2020-05-13T00:00:00.000,Albany,15,1509,546,15792
2020-05-14T00:00:00.000,Albany,29,1538,541,16333
2020-05-15T00:00:00.000,Albany,34,1572,482,16815
2020-05-16T00:00:00.000,Albany,7,1579,411,17226
2020-05-17T00:00:00.000,Albany,31,1610,342,17568
2020-05-18T00:00:00.000,Albany,45,1655,398,17966
2020-05-19T00:00:00.000,Albany,27,1682,697,18663
2020-05-20T00:00:00.000,Albany,18,1700,650,19313
2020-05-21T00:00:00.000,Albany,56,1756,920,20233
2020-05-22T00:00:00.000,Albany,14,1770,655,20888
2020-05-23T00:00:00.000,Albany,12,1782,438,21326
2020-05-24T00:00:00.000,Albany,9,1791,378,21704
2020-05-25T00:00:00.000,Albany,2,1793,328,22032
2020-05-26T00:00:00.000,Albany,3,1796,369,22401
2020-05-27T00:00:00.000,Albany,18,1814,666,23067
2020-05-28T00:00:00.000,Albany,20,1834,416,23483
2020-05-29T00:00:00.000,Albany,9,1843,521,24004
2020-05-30T00:00:00.000,Albany,17,1860,760,24764
2020-05-31T00:00:00.000,Albany,22,1882,537,25301
2020-06-01T00:00:00.000,Albany,18,1900,618,25919
2020-06-02T00:00:00.000,Albany,20,1920,1170,27089
2020-06-03T00:00:00.000,Albany,10,1930,817,27906
2020-06-04T00:00:00.000,Albany,11,1941,1179,29085
2020-06-05T00:00:00.000,Albany,12,1953,1164,30249
2020-06-06T00:00:00.000,Albany,8,1961,751,31000
2020-06-07T00:00:00.000,Albany,17,1978,1194,32194
2020-06-08T00:00:00.000,Albany,5,1983,616,32810
2020-06-09T00:00:00.000,Albany,3,1986,569,33379
2020-06-10T00:00:00.000,Albany,10,1996,774,34153
2020-06-11T00:00:00.000,Albany,11,2007,1103,35256
2020-06-12T00:00:00.000,Albany,9,2016,739,35995
2020-06-13T00:00:00.000,Albany,4,2020,874,36869
2020-06-14T00:00:00.000,Albany,2,2022,496,37365
2020-06-15T00:00:00.000,Albany,4,2026,577,37942
2020-06-16T00:00:00.000,Albany,3,2029,592,38534
2020-06-17T00:00:00.000,Albany,5,2034,843,39377
2020-06-18T00:00:00.000,Albany,15,2049,1070,40447
2020-06-19T00:00:00.000,Albany,4,2053,610,41057
2020-06-20T00:00:00.000,Albany,1,2054,784,41841
2020-06-21T00:00:00.000,Albany,6,2060,931,42772
2020-06-22T00:00:00.000,Albany,2,2062,427,43199
2020-06-23T00:00:00.000,Albany,3,2065,586,43785
2020-06-24T00:00:00.000,Albany,11,2076,1325,45110
2020-06-25T00:00:00.000,Albany,8,2084,630,45740
2020-06-26T00:00:00.000,Albany,7,2091,799,46539
2020-06-27T00:00:00.000,Albany,6,2097,762,47301
2020-06-28T00:00:00.000,Albany,2,2099,514,47815
2020-06-29T00:00:00.000,Albany,3,2102,543,48358
2020-06-30T00:00:00.000,Albany,10,2112,731,49089
2020-07-01T00:00:00.000,Albany,13,2125,928,50017
2020-07-02T00:00:00.000,Albany,5,2130,805,50822
2020-07-03T00:00:00.000,Albany,15,2145,970,51792
2020-07-04T00:00:00.000,Albany,7,2152,1098,52890
2020-07-05T00:00:00.000,Albany,8,2160,626,53516
2020-07-06T00:00:00.000,Albany,4,2164,421,53937
2020-07-07T00:00:00.000,Albany,11,2175,1020,54957
2020-07-08T00:00:00.000,Albany,8,2183,1260,56217
2020-07-09T00:00:00.000,Albany,7,2190,625,56842
2020-07-10T00:00:00.000,Albany,18,2208,1252,58094
2020-07-11T00:00:00.000,Albany,11,2219,815,58909
2020-07-12T00:00:00.000,Albany,6,2225,594,59503
2020-07-13T00:00:00.000,Albany,22,2247,1139,60642
2020-07-14T00:00:00.000,Albany,33,2280,860,61502
2020-07-15T00:00:00.000,Albany,10,2290,1065,62567
2020-07-16T00:00:00.000,Albany,20,2310,1098,63665
2020-07-17T00:00:00.000,Albany,5,2315,816,64481
2020-07-18T00:00:00.000,Albany,3,2318,335,64816
2020-07-19T00:00:00.000,Albany,4,2322,877,65693
2020-07-20T00:00:00.000,Albany,29,2351,1354,67047
2020-07-21T00:00:00.000,Albany,18,2369,981,68028
2020-07-22T00:00:00.000,Albany,32,2401,975,69003
2020-07-23T00:00:00.000,Albany,25,2426,896,69899
2020-07-24T00:00:00.000,Albany,12,2438,632,70531
2020-07-25T00:00:00.000,Albany,13,2451,817,71348
2020-07-26T00:00:00.000,Albany,2,2453,820,72168
2020-07-27T00:00:00.000,Albany,15,2468,929,73097
2020-07-28T00:00:00.000,Albany,12,2480,843,73940
2020-07-29T00:00:00.000,Albany,13,2493,763,74703
2020-07-30T00:00:00.000,Albany,10,2503,745,75448
2020-03-02T00:00:00.000,Allegany,0,0,0,0
2020-03-03T00:00:00.000,Allegany,0,0,0,0
2020-03-04T00:00:00.000,Allegany,0,0,0,0
2020-03-05T00:00:00.000,Allegany,0,0,0,0
2020-03-06T00:00:00.000,Allegany,0,0,0,0
2020-03-07T00:00:00.000,Allegany,0,0,0,0
2020-03-08T00:00:00.000,Allegany,0,0,0,0
2020-03-09T00:00:00.000,Allegany,0,0,0,0
2020-03-10T00:00:00.000,Allegany,0,0,0,0
2020-03-11T00:00:00.000,Allegany,0,0,4,4
2020-03-12T00:00:00.000,Allegany,0,0,1,5
2020-03-13T00:00:00.000,Allegany,0,0,0,5
2020-03-14T00:00:00.000,Allegany,0,0,1,6
2020-03-15T00:00:00.000,Allegany,2,2,5,11
2020-03-16T00:00:00.000,Allegany,0,2,1,12
2020-03-17T00:00:00.000,Allegany,0,2,0,12
2020-03-18T00:00:00.000,Allegany,0,2,3,15
2020-03-19T00:00:00.000,Allegany,0,2,2,17
2020-03-20T00:00:00.000,Allegany,0,2,10,27
2020-03-21T00:00:00.000,Allegany,0,2,10,37
2020-03-22T00:00:00.000,Allegany,0,2,39,76
2020-03-23T00:00:00.000,Allegany,0,2,2,78
2020-03-24T00:00:00.000,Allegany,0,2,5,83
2020-03-25T00:00:00.000,Allegany,0,2,6,89
2020-03-26T00:00:00.000,Allegany,0,2,9,98
2020-03-27T00:00:00.000,Allegany,0,2,4,102
2020-03-28T00:00:00.000,Allegany,4,6,12,114
2020-03-29T00:00:00.000,Allegany,1,7,7,121
2020-03-30T00:00:00.000,Allegany,0,7,4,125
2020-03-31T00:00:00.000,Allegany,2,9,10,135
2020-04-01T00:00:00.000,Allegany,3,12,14,149
2020-04-02T00:00:00.000,Allegany,2,14,18,167
2020-04-03T00:00:00.000,Allegany,2,16,13,180
2020-04-04T00:00:00.000,Allegany,0,16,8,188
2020-04-05T00:00:00.000,Allegany,1,17,8,196
2020-04-06T00:00:00.000,Allegany,0,17,3,199
2020-04-07T00:00:00.000,Allegany,4,21,16,215
2020-04-08T00:00:00.000,Allegany,1,22,12,227
2020-04-09T00:00:00.000,Allegany,4,26,21,248
2020-04-10T00:00:00.000,Allegany,0,26,16,264
2020-04-11T00:00:00.000,Allegany,0,26,11,275
2020-04-12T00:00:00.000,Allegany,0,26,5,280
2020-04-13T00:00:00.000,Allegany,2,28,14,294
2020-04-14T00:00:00.000,Allegany,0,28,10,304
2020-04-15T00:00:00.000,Allegany,0,28,8,312
2020-04-16T00:00:00.000,Allegany,1,29,21,333
2020-04-17T00:00:00.000,Allegany,1,30,15,348
2020-04-18T00:00:00.000,Allegany,0,30,7,355
2020-04-19T00:00:00.000,Allegany,0,30,5,360
2020-04-20T00:00:00.000,Allegany,0,30,9,369
2020-04-21T00:00:00.000,Allegany,0,30,10,379
2020-04-22T00:00:00.000,Allegany,0,30,14,393
2020-04-23T00:00:00.000,Allegany,1,31,10,403
2020-04-24T00:00:00.000,Allegany,4,35,61,464
2020-04-25T00:00:00.000,Allegany,0,35,12,476
2020-04-26T00:00:00.000,Allegany,0,35,9,485
2020-04-27T00:00:00.000,Allegany,0,35,14,499
2020-04-28T00:00:00.000,Allegany,0,35,26,525
2020-04-29T00:00:00.000,Allegany,0,35,18,543
2020-04-30T00:00:00.000,Allegany,0,35,20,563
2020-05-01T00:00:00.000,Allegany,0,35,11,574
2020-05-02T00:00:00.000,Allegany,0,35,18,592
2020-05-03T00:00:00.000,Allegany,0,35,14,606
2020-05-04T00:00:00.000,Allegany,0,35,31,637
2020-05-05T00:00:00.000,Allegany,0,35,22,659
2020-05-06T00:00:00.000,Allegany,0,35,40,699
2020-05-07T00:00:00.000,Allegany,0,35,33,732
2020-05-08T00:00:00.000,Allegany,0,35,18,750
2020-05-09T00:00:00.000,Allegany,1,36,20,770
2020-05-10T00:00:00.000,Allegany,2,38,35,805
2020-05-11T00:00:00.000,Allegany,4,42,41,846
2020-05-12T00:00:00.000,Allegany,2,44,39,885
2020-05-13T00:00:00.000,Allegany,0,44,53,938
2020-05-14T00:00:00.000,Allegany,0,44,44,982
2020-05-15T00:00:00.000,Allegany,0,44,27,1009
2020-05-16T00:00:00.000,Allegany,0,44,36,1045
2020-05-17T00:00:00.000,Allegany,0,44,89,1134
2020-05-18T00:00:00.000,Allegany,0,44,28,1162
2020-05-19T00:00:00.000,Allegany,0,44,49,1211
2020-05-20T00:00:00.000,Allegany,0,44,68,1279
2020-05-21T00:00:00.000,Allegany,0,44,47,1326
2020-05-22T00:00:00.000,Allegany,0,44,26,1352
2020-05-23T00:00:00.000,Allegany,0,44,33,1385
2020-05-24T00:00:00.000,Allegany,0,44,53,1438
2020-05-25T00:00:00.000,Allegany,0,44,28,1466
2020-05-26T00:00:00.000,Allegany,1,45,96,1562
2020-05-27T00:00:00.000,Allegany,0,45,98,1660
2020-05-28T00:00:00.000,Allegany,0,45,60,1720
2020-05-29T00:00:00.000,Allegany,0,45,64,1784
2020-05-30T00:00:00.000,Allegany,0,45,51,1835
2020-05-31T00:00:00.000,Allegany,3,48,100,1935
2020-06-01T00:00:00.000,Allegany,0,48,160,2095
2020-06-02T00:00:00.000,Allegany,1,49,181,2276
2020-06-03T00:00:00.000,Allegany,0,49,131,2407
2020-06-04T00:00:00.000,Allegany,2,51,154,2561
2020-06-05T00:00:00.000,Allegany,0,51,309,2870
2020-06-06T00:00:00.000,Allegany,0,51,98,2968
2020-06-07T00:00:00.000,Allegany,0,51,149,3117
2020-06-08T00:00:00.000,Allegany,0,51,220,3337
2020-06-09T00:00:00.000,Allegany,1,52,128,3465
2020-06-10T00:00:00.000,Allegany,1,53,137,3602
2020-06-11T00:00:00.000,Allegany,0,53,163,3765
2020-06-12T00:00:00.000,Allegany,1,54,144,3909
2020-06-13T00:00:00.000,Allegany,0,54,103,4012
2020-06-14T00:00:00.000,Allegany,1,55,65,4077
2020-06-15T00:00:00.000,Allegany,0,55,120,4197
2020-06-16T00:00:00.000,Allegany,0,55,134,4331
2020-06-17T00:00:00.000,Allegany,2,57,77,4408
2020-06-18T00:00:00.000,Allegany,1,58,220,4628
2020-06-19T00:00:00.000,Allegany,0,58,166,4794
2020-06-20T00:00:00.000,Allegany,0,58,66,4860
2020-06-21T00:00:00.000,Allegany,0,58,114,4974
2020-06-22T00:00:00.000,Allegany,0,58,142,5116
2020-06-23T00:00:00.000,Allegany,0,58,104,5220
2020-06-24T00:00:00.000,Allegany,0,58,131,5351
2020-06-25T00:00:00.000,Allegany,0,58,109,5460
2020-06-26T00:00:00.000,Allegany,0,58,55,5515
2020-06-27T00:00:00.000,Allegany,1,59,74,5589
2020-06-28T00:00:00.000,Allegany,0,59,157,5746
2020-06-29T00:00:00.000,Allegany,0,59,194,5940
2020-06-30T00:00:00.000,Allegany,2,61,78,6018
2020-07-01T00:00:00.000,Allegany,1,62,48,6066
2020-07-02T00:00:00.000,Allegany,1,63,105,6171
2020-07-03T00:00:00.000,Allegany,0,63,75,6246
2020-07-04T00:00:00.000,Allegany,0,63,97,6343
2020-07-05T00:00:00.000,Allegany,0,63,93,6436
2020-07-06T00:00:00.000,Allegany,0,63,87,6523
2020-07-07T00:00:00.000,Allegany,1,64,205,6728
2020-07-08T00:00:00.000,Allegany,0,64,91,6819
2020-07-09T00:00:00.000,Allegany,0,64,78,6897
2020-07-10T00:00:00.000,Allegany,2,66,106,7003
2020-07-11T00:00:00.000,Allegany,0,66,107,7110
2020-07-12T00:00:00.000,Allegany,0,66,88,7198
2020-07-13T00:00:00.000,Allegany,2,68,243,7441
2020-07-14T00:00:00.000,Allegany,1,69,97,7538
2020-07-15T00:00:00.000,Allegany,1,70,80,7618
2020-07-16T00:00:00.000,Allegany,1,71,72,7690
2020-07-17T00:00:00.000,Allegany,0,71,111,7801
2020-07-18T00:00:00.000,Allegany,0,71,78,7879
2020-07-19T00:00:00.000,Allegany,0,71,72,7951
2020-07-20T00:00:00.000,Allegany,1,72,97,8048
2020-07-21T00:00:00.000,Allegany,0,72,171,8219
2020-07-22T00:00:00.000,Allegany,0,72,130,8349
2020-07-23T00:00:00.000,Allegany,2,74,112,8461
2020-07-24T00:00:00.000,Allegany,0,74,138,8599
2020-07-25T00:00:00.000,Allegany,0,74,75,8674
2020-07-26T00:00:00.000,Allegany,0,74,58,8732
2020-07-27T00:00:00.000,Allegany,0,74,53,8785
2020-07-28T00:00:00.000,Allegany,0,74,212,8997
2020-07-29T00:00:00.000,Allegany,0,74,100,9097
2020-07-30T00:00:00.000,Allegany,0,74,65,9162
2020-03-02T00:00:00.000,Bronx,0,0,0,0
2020-03-03T00:00:00.000,Bronx,0,0,1,1
2020-03-04T00:00:00.000,Bronx,0,0,0,1
2020-03-05T00:00:00.000,Bronx,0,0,5,6
2020-03-06T00:00:00.000,Bronx,0,0,6,12
2020-03-07T00:00:00.000,Bronx,0,0,17,29
2020-03-08T00:00:00.000,Bronx,1,1,16,45
2020-03-09T00:00:00.000,Bronx,4,5,31,76
2020-03-10T00:00:00.000,Bronx,0,5,47,123
2020-03-11T00:00:00.000,Bronx,2,7,31,154
2020-03-12T00:00:00.000,Bronx,3,10,36,190
2020-03-13T00:00:00.000,Bronx,10,20,99,289
2020-03-14T00:00:00.000,Bronx,8,28,80,369
2020-03-15T00:00:00.000,Bronx,29,57,116,485
2020-03-16T00:00:00.000,Bronx,29,86,151,636
2020-03-17T00:00:00.000,Bronx,123,209,433,1069
2020-03-18T00:00:00.000,Bronx,154,363,597,1666
2020-03-19T00:00:00.000,Bronx,191,554,605,2271
2020-03-20T00:00:00.000,Bronx,297,851,884,3155
2020-03-21T00:00:00.000,Bronx,367,1218,1044,4199
2020-03-22T00:00:00.000,Bronx,606,1824,1276,5475
2020-03-23T00:00:00.000,Bronx,455,2279,970,6445
2020-03-24T00:00:00.000,Bronx,611,2890,1188,7633
2020-03-25T00:00:00.000,Bronx,838,3728,1770,9403
2020-03-26T00:00:00.000,Bronx,829,4557,1428,10831
2020-03-27T00:00:00.000,Bronx,846,5403,1478,12309
2020-03-28T00:00:00.000,Bronx,901,6304,1529,13838
2020-03-29T00:00:00.000,Bronx,658,6962,1160,14998
2020-03-30T00:00:00.000,Bronx,804,7766,1341,16339
2020-03-31T00:00:00.000,Bronx,1095,8861,1818,18157
2020-04-01T00:00:00.000,Bronx,1066,9927,1754,19911
2020-04-02T00:00:00.000,Bronx,1159,11086,1946,21857
2020-04-03T00:00:00.000,Bronx,1229,12315,2108,23965
2020-04-04T00:00:00.000,Bronx,1053,13368,1778,25743
2020-04-05T00:00:00.000,Bronx,959,14327,1628,27371
2020-04-06T00:00:00.000,Bronx,1021,15348,1996,29367
2020-04-07T00:00:00.000,Bronx,1278,16626,2562,31929
2020-04-08T00:00:00.000,Bronx,1166,17792,2348,34277
2020-04-09T00:00:00.000,Bronx,1368,19160,2637,36914
2020-04-10T00:00:00.000,Bronx,1317,20477,2580,39494
2020-04-11T00:00:00.000,Bronx,964,21441,2081,41575
2020-04-12T00:00:00.000,Bronx,764,22205,1623,43198
2020-04-13T00:00:00.000,Bronx,1061,23266,2294,45492
2020-04-14T00:00:00.000,Bronx,1387,24653,2622,48114
2020-04-15T00:00:00.000,Bronx,1279,25932,2939,51053
2020-04-16T00:00:00.000,Bronx,1103,27035,2793,53846
2020-04-17T00:00:00.000,Bronx,984,28019,2597,56443
2020-04-18T00:00:00.000,Bronx,804,28823,2162,58605
2020-04-19T00:00:00.000,Bronx,549,29372,1707,60312
2020-04-20T00:00:00.000,Bronx,617,29989,2050,62362
2020-04-21T00:00:00.000,Bronx,879,30868,2942,65304
2020-04-22T00:00:00.000,Bronx,791,31659,3084,68388
2020-04-23T00:00:00.000,Bronx,1042,32701,3691,72079
2020-04-24T00:00:00.000,Bronx,1482,34183,4800,76879
2020-04-25T00:00:00.000,Bronx,787,34970,2967,79846
2020-04-26T00:00:00.000,Bronx,586,35556,2363,82209
2020-04-27T00:00:00.000,Bronx,438,35994,2107,84316
2020-04-28T00:00:00.000,Bronx,606,36600,2938,87254
2020-04-29T00:00:00.000,Bronx,644,37244,2977,90231
2020-04-30T00:00:00.000,Bronx,541,37785,2824,93055
2020-05-01T00:00:00.000,Bronx,665,38450,3694,96749
2020-05-02T00:00:00.000,Bronx,466,38916,2857,99606
2020-05-03T00:00:00.000,Bronx,307,39223,1869,101475
2020-05-04T00:00:00.000,Bronx,253,39476,2001,103476
2020-05-05T00:00:00.000,Bronx,363,39839,2657,106133
2020-05-06T00:00:00.000,Bronx,342,40181,2786,108919
2020-05-07T00:00:00.000,Bronx,352,40533,3078,111997
2020-05-08T00:00:00.000,Bronx,271,40804,2873,114870
2020-05-09T00:00:00.000,Bronx,255,41059,2935,117805
2020-05-10T00:00:00.000,Bronx,237,41296,2140,119945
2020-05-11T00:00:00.000,Bronx,145,41441,1510,121455
2020-05-12T00:00:00.000,Bronx,236,41677,2678,124133
2020-05-13T00:00:00.000,Bronx,303,41980,3338,127471
2020-05-14T00:00:00.000,Bronx,539,42519,4408,131879
2020-05-15T00:00:00.000,Bronx,293,42812,3632,135511
2020-05-16T00:00:00.000,Bronx,210,43022,2861,138372
2020-05-17T00:00:00.000,Bronx,136,43158,2126,140498
2020-05-18T00:00:00.000,Bronx,112,43270,2102,142600
2020-05-19T00:00:00.000,Bronx,148,43418,2682,145282
2020-05-20T00:00:00.000,Bronx,185,43603,3618,148900
2020-05-21T00:00:00.000,Bronx,163,43766,3421,152321
2020-05-22T00:00:00.000,Bronx,155,43921,3518,155839
2020-05-23T00:00:00.000,Bronx,216,44137,4575,160414
2020-05-24T00:00:00.000,Bronx,110,44247,2445,162859
2020-05-25T00:00:00.000,Bronx,117,44364,2233,165092
2020-05-26T00:00:00.000,Bronx,139,44503,3064,168156
2020-05-27T00:00:00.000,Bronx,250,44753,5657,173813
2020-05-28T00:00:00.000,Bronx,221,44974,5781,179594
2020-05-29T00:00:00.000,Bronx,142,45116,4817,184411
2020-05-30T00:00:00.000,Bronx,137,45253,4338,188749
2020-05-31T00:00:00.000,Bronx,106,45359,3997,192746
2020-06-01T00:00:00.000,Bronx,107,45466,4069,196815
2020-06-02T00:00:00.000,Bronx,105,45571,3579,200394
2020-06-03T00:00:00.000,Bronx,117,45688,4303,204697
2020-06-04T00:00:00.000,Bronx,90,45778,4606,209303
2020-06-05T00:00:00.000,Bronx,104,45882,5144,214447
2020-06-06T00:00:00.000,Bronx,98,45980,4164,218611
2020-06-07T00:00:00.000,Bronx,72,46052,3718,222329
2020-06-08T00:00:00.000,Bronx,75,46127,3214,225543
2020-06-09T00:00:00.000,Bronx,96,46223,4468,230011
2020-06-10T00:00:00.000,Bronx,93,46316,3929,233940
2020-06-11T00:00:00.000,Bronx,80,46396,4894,238834
2020-06-12T00:00:00.000,Bronx,105,46501,5869,244703
2020-06-13T00:00:00.000,Bronx,66,46567,4578,249281
2020-06-14T00:00:00.000,Bronx,78,46645,4689,253970
2020-06-15T00:00:00.000,Bronx,65,46710,4542,258512
2020-06-16T00:00:00.000,Bronx,68,46778,5106,263618
2020-06-17T00:00:00.000,Bronx,52,46830,5556,269174
2020-06-18T00:00:00.000,Bronx,85,46915,6272,275446
2020-06-19T00:00:00.000,Bronx,64,46979,5007,280453
2020-06-20T00:00:00.000,Bronx,48,47027,4694,285147
2020-06-21T00:00:00.000,Bronx,65,47092,4917,290064
2020-06-22T00:00:00.000,Bronx,62,47154,3723,293787
2020-06-23T00:00:00.000,Bronx,76,47230,3549,297336
2020-06-24T00:00:00.000,Bronx,64,47294,4930,302266
2020-06-25T00:00:00.000,Bronx,89,47383,4377,306643
2020-06-26T00:00:00.000,Bronx,73,47456,5794,312437
2020-06-27T00:00:00.000,Bronx,58,47514,5208,317645
2020-06-28T00:00:00.000,Bronx,41,47555,3588,321233
2020-06-29T00:00:00.000,Bronx,43,47598,4056,325289
2020-06-30T00:00:00.000,Bronx,53,47651,4725,330014
2020-07-01T00:00:00.000,Bronx,107,47758,5267,335281
2020-07-02T00:00:00.000,Bronx,80,47838,5521,340802
2020-07-03T00:00:00.000,Bronx,64,47902,4449,345251
2020-07-04T00:00:00.000,Bronx,36,47938,4275,349526
2020-07-05T00:00:00.000,Bronx,56,47994,4111,353637
2020-07-06T00:00:00.000,Bronx,44,48038,3695,357332
2020-07-07T00:00:00.000,Bronx,38,48076,3456,360788
2020-07-08T00:00:00.000,Bronx,50,48126,3993,364781
2020-07-09T00:00:00.000,Bronx,82,48208,5706,370487
2020-07-10T00:00:00.000,Bronx,59,48267,4932,375419
2020-07-11T00:00:00.000,Bronx,60,48327,4401,379820
2020-07-12T00:00:00.000,Bronx,50,48377,3980,383800
2020-07-13T00:00:00.000,Bronx,56,48433,4169,387969
2020-07-14T00:00:00.000,Bronx,63,48496,4435,392404
2020-07-15T00:00:00.000,Bronx,79,48575,5635,398039
2020-07-16T00:00:00.000,Bronx,68,48643,5250,403289
2020-07-17T00:00:00.000,Bronx,72,48715,5748,409037
2020-07-18T00:00:00.000,Bronx,54,48769,4297,413334
2020-07-19T00:00:00.000,Bronx,68,48837,3543,416877
2020-07-20T00:00:00.000,Bronx,89,48926,4443,421320
2020-07-21T00:00:00.000,Bronx,91,49017,5492,426812
2020-07-22T00:00:00.000,Bronx,69,49086,4802,431614
2020-07-23T00:00:00.000,Bronx,114,49200,5276,436890
2020-07-24T00:00:00.000,Bronx,80,49280,4754,441644
2020-07-25T00:00:00.000,Bronx,56,49336,3711,445355
2020-07-26T00:00:00.000,Bronx,52,49388,3459,448814
2020-07-27T00:00:00.000,Bronx,34,49422,3654,452468
2020-07-28T00:00:00.000,Bronx,59,49481,3397,455865
2020-07-29T00:00:00.000,Bronx,46,49527,4741,460606
2020-07-30T00:00:00.000,Bronx,46,49573,3994,464600
2020-03-02T00:00:00.000,Broome,0,0,0,0
2020-03-03T00:00:00.000,Broome,0,0,0,0
2020-03-04T00:00:00.000,Broome,0,0,0,0
2020-03-05T00:00:00.000,Broome,0,0,0,0
2020-03-06T00:00:00.000,Broome,0,0,0,0
2020-03-07T00:00:00.000,Broome,0,0,0,0
2020-03-08T00:00:00.000,Broome,0,0,2,2
2020-03-09T00:00:00.000,Broome,0,0,1,3
2020-03-10T00:00:00.000,Broome,0,0,1,4
2020-03-11T00:00:00.000,Broome,0,0,1,5
2020-03-12T00:00:00.000,Broome,1,1,2,7
2020-03-13T00:00:00.000,Broome,0,1,2,9
2020-03-14T00:00:00.000,Broome,0,1,3,12
2020-03-15T00:00:00.000,Broome,0,1,2,14
2020-03-16T00:00:00.000,Broome,0,1,1,15
2020-03-17T00:00:00.000,Broome,0,1,6,21
2020-03-18T00:00:00.000,Broome,1,2,9,30
2020-03-19T00:00:00.000,Broome,0,2,3,33
2020-03-20T00:00:00.000,Broome,0,2,16,49
2020-03-21T00:00:00.000,Broome,1,3,5,54
2020-03-22T00:00:00.000,Broome,4,7,20,74
2020-03-23T00:00:00.000,Broome,2,9,18,92
2020-03-24T00:00:00.000,Broome,2,11,13,105
2020-03-25T00:00:00.000,Broome,5,16,37,142
2020-03-26T00:00:00.000,Broome,2,18,25,167
2020-03-27T00:00:00.000,Broome,5,23,37,204
2020-03-28T00:00:00.000,Broome,6,29,45,249
2020-03-29T00:00:00.000,Broome,6,35,36,285
2020-03-30T00:00:00.000,Broome,3,38,48,333
2020-03-31T00:00:00.000,Broome,4,42,35,368
2020-04-01T00:00:00.000,Broome,4,46,43,411
2020-04-02T00:00:00.000,Broome,10,56,72,483
2020-04-03T00:00:00.000,Broome,9,65,55,538
2020-04-04T00:00:00.000,Broome,6,71,36,574
2020-04-05T00:00:00.000,Broome,5,76,33,607
2020-04-06T00:00:00.000,Broome,10,86,47,654
2020-04-07T00:00:00.000,Broome,2,88,24,678
2020-04-08T00:00:00.000,Broome,17,105,82,760
2020-04-09T00:00:00.000,Broome,7,112,58,818
2020-04-10T00:00:00.000,Broome,5,117,31,849
2020-04-11T00:00:00.000,Broome,9,126,60,909
2020-04-12T00:00:00.000,Broome,7,133,39,948
2020-04-13T00:00:00.000,Broome,13,146,90,1038
2020-04-14T00:00:00.000,Broome,7,153,73,1111
2020-04-15T00:00:00.000,Broome,14,167,74,1185
2020-04-16T00:00:00.000,Broome,11,178,82,1267
2020-04-17T00:00:00.000,Broome,8,186,64,1331
2020-04-18T00:00:00.000,Broome,6,192,52,1383
2020-04-19T00:00:00.000,Broome,7,199,43,1426
2020-04-20T00:00:00.000,Broome,6,205,47,1473
2020-04-21T00:00:00.000,Broome,14,219,54,1527
2020-04-22T00:00:00.000,Broome,5,224,102,1629
2020-04-23T00:00:00.000,Broome,8,232,85,1714
2020-04-24T00:00:00.000,Broome,19,251,212,1926
2020-04-25T00:00:00.000,Broome,6,257,105,2031
2020-04-26T00:00:00.000,Broome,4,261,69,2100
2020-04-27T00:00:00.000,Broome,5,266,60,2160
2020-04-28T00:00:00.000,Broome,7,273,87,2247
2020-04-29T00:00:00.000,Broome,11,284,114,2361
2020-04-30T00:00:00.000,Broome,15,299,110,2471
2020-05-01T00:00:00.000,Broome,6,305,114,2585
2020-05-02T00:00:00.000,Broome,22,327,415,3000
2020-05-03T00:00:00.000,Broome,7,334,353,3353
2020-05-04T00:00:00.000,Broome,4,338,180,3533
2020-05-05T00:00:00.000,Broome,7,345,273,3806
2020-05-06T00:00:00.000,Broome,15,360,333,4139
2020-05-07T00:00:00.000,Broome,4,364,214,4353
2020-05-08T00:00:00.000,Broome,8,372,252,4605
2020-05-09T00:00:00.000,Broome,1,373,317,4922
2020-05-10T00:00:00.000,Broome,5,378,319,5241
2020-05-11T00:00:00.000,Broome,1,379,271,5512
2020-05-12T00:00:00.000,Broome,3,382,291,5803
2020-05-13T00:00:00.000,Broome,1,383,343,6146
2020-05-14T00:00:00.000,Broome,7,390,343,6489
2020-05-15T00:00:00.000,Broome,23,413,458,6947
2020-05-16T00:00:00.000,Broome,1,414,486,7433
2020-05-17T00:00:00.000,Broome,9,423,379,7812
2020-05-18T00:00:00.000,Broome,6,429,295,8107
2020-05-19T00:00:00.000,Broome,7,436,639,8746
2020-05-20T00:00:00.000,Broome,15,451,419,9165
2020-05-21T00:00:00.000,Broome,17,468,820,9985
2020-05-22T00:00:00.000,Broome,17,485,645,10630
2020-05-23T00:00:00.000,Broome,16,501,629,11259
2020-05-24T00:00:00.000,Broome,18,519,669,11928
2020-05-25T00:00:00.000,Broome,3,522,536,12464
2020-05-26T00:00:00.000,Broome,6,528,369,12833
2020-05-27T00:00:00.000,Broome,17,545,523,13356
2020-05-28T00:00:00.000,Broome,12,557,614,13970
2020-05-29T00:00:00.000,Broome,4,561,531,14501
2020-05-30T00:00:00.000,Broome,5,566,1002,15503
2020-05-31T00:00:00.000,Broome,8,574,777,16280
2020-06-01T00:00:00.000,Broome,4,578,629,16909
2020-06-02T00:00:00.000,Broome,11,589,826,17735
2020-06-03T00:00:00.000,Broome,4,593,631,18366
2020-06-04T00:00:00.000,Broome,12,605,1417,19783
2020-06-05T00:00:00.000,Broome,8,613,1311,21094
2020-06-06T00:00:00.000,Broome,7,620,950,22044
2020-06-07T00:00:00.000,Broome,4,624,745,22789
2020-06-08T00:00:00.000,Broome,3,627,797,23586
2020-06-09T00:00:00.000,Broome,3,630,755,24341
2020-06-10T00:00:00.000,Broome,11,641,875,25216
2020-06-11T00:00:00.000,Broome,3,644,1085,26301
2020-06-12T00:00:00.000,Broome,3,647,779,27080
2020-06-13T00:00:00.000,Broome,4,651,795,27875
2020-06-14T00:00:00.000,Broome,4,655,382,28257
2020-06-15T00:00:00.000,Broome,1,656,606,28863
2020-06-16T00:00:00.000,Broome,1,657,546,29409
2020-06-17T00:00:00.000,Broome,0,657,442,29851
2020-06-18T00:00:00.000,Broome,6,663,952,30803
2020-06-19T00:00:00.000,Broome,2,665,586,31389
2020-06-20T00:00:00.000,Broome,3,668,430,31819
2020-06-21T00:00:00.000,Broome,2,670,552,32371
2020-06-22T00:00:00.000,Broome,1,671,588,32959
2020-06-23T00:00:00.000,Broome,0,671,179,33138
2020-06-24T00:00:00.000,Broome,9,680,935,34073
2020-06-25T00:00:00.000,Broome,17,697,509,34582
2020-06-26T00:00:00.000,Broome,4,701,922,35504
2020-06-27T00:00:00.000,Broome,2,703,486,35990
2020-06-28T00:00:00.000,Broome,7,710,377,36367
2020-06-29T00:00:00.000,Broome,6,716,772,37139
2020-06-30T00:00:00.000,Broome,6,722,448,37587
2020-07-01T00:00:00.000,Broome,7,729,846,38433
2020-07-02T00:00:00.000,Broome,7,736,476,38909
2020-07-03T00:00:00.000,Broome,16,752,979,39888
2020-07-04T00:00:00.000,Broome,1,753,898,40786
2020-07-05T00:00:00.000,Broome,4,757,554,41340
2020-07-06T00:00:00.000,Broome,5,762,588,41928
2020-07-07T00:00:00.000,Broome,4,766,234,42162
2020-07-08T00:00:00.000,Broome,4,770,731,42893
2020-07-09T00:00:00.000,Broome,14,784,662,43555
2020-07-10T00:00:00.000,Broome,23,807,747,44302
2020-07-11T00:00:00.000,Broome,13,820,1236,45538
2020-07-12T00:00:00.000,Broome,7,827,595,46133
2020-07-13T00:00:00.000,Broome,14,841,852,46985
2020-07-14T00:00:00.000,Broome,11,852,592,47577
2020-07-15T00:00:00.000,Broome,9,861,914,48491
2020-07-16T00:00:00.000,Broome,9,870,595,49086
2020-07-17T00:00:00.000,Broome,7,877,522,49608
2020-07-18T00:00:00.000,Broome,6,883,347,49955
2020-07-19T00:00:00.000,Broome,19,902,914,50869
2020-07-20T00:00:00.000,Broome,15,917,687,51556
2020-07-21T00:00:00.000,Broome,13,930,915,52471
2020-07-22T00:00:00.000,Broome,4,934,538,53009
2020-07-23T00:00:00.000,Broome,20,954,756,53765
2020-07-24T00:00:00.000,Broome,12,966,762,54527
2020-07-25T00:00:00.000,Broome,12,978,549,55076
2020-07-26T00:00:00.000,Broome,8,986,1287,56363
2020-07-27T00:00:00.000,Broome,6,992,522,56885
2020-07-28T00:00:00.000,Broome,23,1015,779,57664
2020-07-29T00:00:00.000,Broome,14,1029,698,58362
2020-07-30T00:00:00.000,Broome,8,1037,777,59139
2020-03-02T00:00:00.000,Cattaraugus,0,0,0,0
2020-03-03T00:00:00.000,Cattaraugus,0,0,0,0
2020-03-04T00:00:00.000,Cattaraugus,0,0,0,0
2020-03-05T00:00:00.000,Cattaraugus,0,0,0,0
2020-03-06T00:00:00.000,Cattaraugus,0,0,0,0
2020-03-07T00:00:00.000,Cattaraugus,0,0,0,0
2020-03-08T00:00:00.000,Cattaraugus,0,0,0,0
2020-03-09T00:00:00.000,Cattaraugus,0,0,0,0
2020-03-10T00:00:00.000,Cattaraugus,0,0,0,0
2020-03-11T00:00:00.000,Cattaraugus,0,0,0,0
2020-03-12T00:00:00.000,Cattaraugus,0,0,2,2
2020-03-13T00:00:00.000,Cattaraugus,0,0,2,4
2020-03-14T00:00:00.000,Cattaraugus,0,0,1,5
2020-03-15T00:00:00.000,Cattaraugus,0,0,2,7
2020-03-16T00:00:00.000,Cattaraugus,0,0,0,7
2020-03-17T00:00:00.000,Cattaraugus,0,0,0,7
2020-03-18T00:00:00.000,Cattaraugus,0,0,5,12
2020-03-19T00:00:00.000,Cattaraugus,0,0,2,14
2020-03-20T00:00:00.000,Cattaraugus,0,0,10,24
2020-03-21T00:00:00.000,Cattaraugus,0,0,23,47
2020-03-22T00:00:00.000,Cattaraugus,0,0,14,61
2020-03-23T00:00:00.000,Cattaraugus,0,0,12,73
2020-03-24T00:00:00.000,Cattaraugus,0,0,3,76
2020-03-25T00:00:00.000,Cattaraugus,0,0,12,88
2020-03-26T00:00:00.000,Cattaraugus,0,0,13,101
2020-03-27T00:00:00.000,Cattaraugus,1,1,25,126
2020-03-28T00:00:00.000,Cattaraugus,3,4,13,139
2020-03-29T00:00:00.000,Cattaraugus,2,6,7,146
2020-03-30T00:00:00.000,Cattaraugus,0,6,5,151
2020-03-31T00:00:00.000,Cattaraugus,1,7,12,163
2020-04-01T00:00:00.000,Cattaraugus,1,8,28,191
2020-04-02T00:00:00.000,Cattaraugus,1,9,24,215
2020-04-03T00:00:00.000,Cattaraugus,0,9,8,223
2020-04-04T00:00:00.000,Cattaraugus,1,10,12,235
2020-04-05T00:00:00.000,Cattaraugus,2,12,16,251
2020-04-06T00:00:00.000,Cattaraugus,1,13,14,265
2020-04-07T00:00:00.000,Cattaraugus,2,15,19,284
2020-04-08T00:00:00.000,Cattaraugus,2,17,15,299
2020-04-09T00:00:00.000,Cattaraugus,1,18,26,325
2020-04-10T00:00:00.000,Cattaraugus,1,19,7,332
2020-04-11T00:00:00.000,Cattaraugus,9,28,32,364
2020-04-12T00:00:00.000,Cattaraugus,0,28,6,370
2020-04-13T00:00:00.000,Cattaraugus,4,32,13,383
2020-04-14T00:00:00.000,Cattaraugus,0,32,11,394
2020-04-15T00:00:00.000,Cattaraugus,0,32,14,408
2020-04-16T00:00:00.000,Cattaraugus,2,34,31,439
2020-04-17T00:00:00.000,Cattaraugus,0,34,15,454
2020-04-18T00:00:00.000,Cattaraugus,0,34,17,471
2020-04-19T00:00:00.000,Cattaraugus,0,34,1,472
2020-04-20T00:00:00.000,Cattaraugus,1,35,8,480
2020-04-21T00:00:00.000,Cattaraugus,2,37,34,514
2020-04-22T00:00:00.000,Cattaraugus,0,37,40,554
2020-04-23T00:00:00.000,Cattaraugus,2,39,32,586
2020-04-24T00:00:00.000,Cattaraugus,6,45,102,688
2020-04-25T00:00:00.000,Cattaraugus,0,45,24,712
2020-04-26T00:00:00.000,Cattaraugus,0,45,21,733
2020-04-27T00:00:00.000,Cattaraugus,0,45,15,748
2020-04-28T00:00:00.000,Cattaraugus,2,47,76,824
2020-04-29T00:00:00.000,Cattaraugus,0,47,85,909
2020-04-30T00:00:00.000,Cattaraugus,2,49,78,987
2020-05-01T00:00:00.000,Cattaraugus,1,50,80,1067
2020-05-02T00:00:00.000,Cattaraugus,3,53,54,1121
2020-05-03T00:00:00.000,Cattaraugus,0,53,7,1128
2020-05-04T00:00:00.000,Cattaraugus,0,53,14,1142
2020-05-05T00:00:00.000,Cattaraugus,1,54,47,1189
2020-05-06T00:00:00.000,Cattaraugus,5,59,65,1254
2020-05-07T00:00:00.000,Cattaraugus,0,59,36,1290
2020-05-08T00:00:00.000,Cattaraugus,1,60,54,1344
2020-05-09T00:00:00.000,Cattaraugus,0,60,21,1365
2020-05-10T00:00:00.000,Cattaraugus,1,61,103,1468
2020-05-11T00:00:00.000,Cattaraugus,0,61,29,1497
2020-05-12T00:00:00.000,Cattaraugus,0,61,77,1574
2020-05-13T00:00:00.000,Cattaraugus,3,64,134,1708
2020-05-14T00:00:00.000,Cattaraugus,0,64,173,1881
2020-05-15T00:00:00.000,Cattaraugus,1,65,186,2067
2020-05-16T00:00:00.000,Cattaraugus,0,65,142,2209
2020-05-17T00:00:00.000,Cattaraugus,2,67,207,2416
2020-05-18T00:00:00.000,Cattaraugus,2,69,24,2440
2020-05-19T00:00:00.000,Cattaraugus,1,70,152,2592
2020-05-20T00:00:00.000,Cattaraugus,1,71,186,2778
2020-05-21T00:00:00.000,Cattaraugus,3,74,125,2903
2020-05-22T00:00:00.000,Cattaraugus,4,78,176,3079
2020-05-23T00:00:00.000,Cattaraugus,0,78,172,3251
2020-05-24T00:00:00.000,Cattaraugus,3,81,311,3562
2020-05-25T00:00:00.000,Cattaraugus,0,81,136,3698
2020-05-26T00:00:00.000,Cattaraugus,1,82,162,3860
2020-05-27T00:00:00.000,Cattaraugus,3,85,286,4146
2020-05-28T00:00:00.000,Cattaraugus,1,86,147,4293
2020-05-29T00:00:00.000,Cattaraugus,1,87,189,4482
2020-05-30T00:00:00.000,Cattaraugus,1,88,183,4665
2020-05-31T00:00:00.000,Cattaraugus,1,89,215,4880
2020-06-01T00:00:00.000,Cattaraugus,0,89,333,5213
2020-06-02T00:00:00.000,Cattaraugus,1,90,375,5588
2020-06-03T00:00:00.000,Cattaraugus,1,91,290,5878
2020-06-04T00:00:00.000,Cattaraugus,1,92,304,6182
2020-06-05T00:00:00.000,Cattaraugus,0,92,416,6598
2020-06-06T00:00:00.000,Cattaraugus,2,94,193,6791
2020-06-07T00:00:00.000,Cattaraugus,1,95,245,7036
2020-06-08T00:00:00.000,Cattaraugus,0,95,183,7219
2020-06-09T00:00:00.000,Cattaraugus,1,96,205,7424
2020-06-10T00:00:00.000,Cattaraugus,2,98,258,7682
2020-06-11T00:00:00.000,Cattaraugus,3,101,282,7964
2020-06-12T00:00:00.000,Cattaraugus,0,101,341,8305
2020-06-13T00:00:00.000,Cattaraugus,3,104,272,8577
2020-06-14T00:00:00.000,Cattaraugus,2,106,155,8732
2020-06-15T00:00:00.000,Cattaraugus,1,107,393,9125
2020-06-16T00:00:00.000,Cattaraugus,2,109,202,9327
2020-06-17T00:00:00.000,Cattaraugus,0,109,219,9546
2020-06-18T00:00:00.000,Cattaraugus,0,109,335,9881
2020-06-19T00:00:00.000,Cattaraugus,4,113,325,10206
2020-06-20T00:00:00.000,Cattaraugus,2,115,377,10583
2020-06-21T00:00:00.000,Cattaraugus,0,115,252,10835
2020-06-22T00:00:00.000,Cattaraugus,3,118,220,11055
2020-06-23T00:00:00.000,Cattaraugus,2,120,210,11265
2020-06-24T00:00:00.000,Cattaraugus,1,121,316,11581
2020-06-25T00:00:00.000,Cattaraugus,2,123,149,11730
2020-06-26T00:00:00.000,Cattaraugus,0,123,389,12119
2020-06-27T00:00:00.000,Cattaraugus,0,123,107,12226
2020-06-28T00:00:00.000,Cattaraugus,0,123,191,12417
2020-06-29T00:00:00.000,Cattaraugus,0,123,120,12537
2020-06-30T00:00:00.000,Cattaraugus,0,123,163,12700
2020-07-01T00:00:00.000,Cattaraugus,1,124,173,12873
2020-07-02T00:00:00.000,Cattaraugus,0,124,313,13186
2020-07-03T00:00:00.000,Cattaraugus,3,127,460,13646
2020-07-04T00:00:00.000,Cattaraugus,0,127,202,13848
2020-07-05T00:00:00.000,Cattaraugus,1,128,249,14097
2020-07-06T00:00:00.000,Cattaraugus,0,128,129,14226
2020-07-07T00:00:00.000,Cattaraugus,2,130,119,14345
2020-07-08T00:00:00.000,Cattaraugus,1,131,210,14555
2020-07-09T00:00:00.000,Cattaraugus,3,134,421,14976
2020-07-10T00:00:00.000,Cattaraugus,4,138,345,15321
2020-07-11T00:00:00.000,Cattaraugus,0,138,122,15443
2020-07-12T00:00:00.000,Cattaraugus,0,138,105,15548
2020-07-13T00:00:00.000,Cattaraugus,1,139,288,15836
2020-07-14T00:00:00.000,Cattaraugus,2,141,178,16014
2020-07-15T00:00:00.000,Cattaraugus,1,142,294,16308
2020-07-16T00:00:00.000,Cattaraugus,3,145,381,16689
2020-07-17T00:00:00.000,Cattaraugus,0,145,207,16896
2020-07-18T00:00:00.000,Cattaraugus,0,145,103,16999
2020-07-19T00:00:00.000,Cattaraugus,0,145,56,17055
2020-07-20T00:00:00.000,Cattaraugus,2,147,359,17414
2020-07-21T00:00:00.000,Cattaraugus,0,147,253,17667
2020-07-22T00:00:00.000,Cattaraugus,1,148,146,17813
2020-07-23T00:00:00.000,Cattaraugus,2,150,180,17993
2020-07-24T00:00:00.000,Cattaraugus,0,150,340,18333
2020-07-25T00:00:00.000,Cattaraugus,1,151,104,18437
2020-07-26T00:00:00.000,Cattaraugus,2,153,229,18666
2020-07-27T00:00:00.000,Cattaraugus,0,153,182,18848
2020-07-28T00:00:00.000,Cattaraugus,4,157,176,19024
2020-07-29T00:00:00.000,Cattaraugus,0,157,239,19263
2020-07-30T00:00:00.000,Cattaraugus,1,158,254,19517
2020-03-02T00:00:00.000,Cayuga,0,0,0,0
2020-03-03T00:00:00.000,Cayuga,0,0,0,0
2020-03-04T00:00:00.000,Cayuga,0,0,0,0
2020-03-05T00:00:00.000,Cayuga,0,0,0,0
2020-03-06T00:00:00.000,Cayuga,0,0,0,0
2020-03-07T00:00:00.000,Cayuga,0,0,0,0
2020-03-08T00:00:00.000,Cayuga,0,0,0,0
2020-03-09T00:00:00.000,Cayuga,0,0,0,0
2020-03-10T00:00:00.000,Cayuga,0,0,0,0
2020-03-11T00:00:00.000,Cayuga,0,0,0,0
2020-03-12T00:00:00.000,Cayuga,0,0,0,0
2020-03-13T00:00:00.000,Cayuga,0,0,0,0
2020-03-14T00:00:00.000,Cayuga,0,0,3,3
2020-03-15T00:00:00.000,Cayuga,0,0,1,4
2020-03-16T00:00:00.000,Cayuga,0,0,2,6
2020-03-17T00:00:00.000,Cayuga,0,0,2,8
2020-03-18T00:00:00.000,Cayuga,0,0,2,10
2020-03-19T00:00:00.000,Cayuga,0,0,3,13
2020-03-20T00:00:00.000,Cayuga,0,0,8,21
2020-03-21T00:00:00.000,Cayuga,0,0,25,46
2020-03-22T00:00:00.000,Cayuga,2,2,33,79
2020-03-23T00:00:00.000,Cayuga,0,2,10,89
2020-03-24T00:00:00.000,Cayuga,0,2,5,94
2020-03-25T00:00:00.000,Cayuga,0,2,13,107
2020-03-26T00:00:00.000,Cayuga,0,2,25,132
2020-03-27T00:00:00.000,Cayuga,0,2,26,158
2020-03-28T00:00:00.000,Cayuga,0,2,32,190
2020-03-29T00:00:00.000,Cayuga,1,3,37,227
2020-03-30T00:00:00.000,Cayuga,0,3,10,237
2020-03-31T00:00:00.000,Cayuga,0,3,9,246
2020-04-01T00:00:00.000,Cayuga,1,4,25,271
2020-04-02T00:00:00.000,Cayuga,2,6,36,307
2020-04-03T00:00:00.000,Cayuga,1,7,15,322
2020-04-04T00:00:00.000,Cayuga,1,8,32,354
2020-04-05T00:00:00.000,Cayuga,3,11,31,385
2020-04-06T00:00:00.000,Cayuga,3,14,33,418
2020-04-07T00:00:00.000,Cayuga,0,14,11,429
2020-04-08T00:00:00.000,Cayuga,2,16,37,466
2020-04-09T00:00:00.000,Cayuga,11,27,31,497
2020-04-10T00:00:00.000,Cayuga,1,28,5,502
2020-04-11T00:00:00.000,Cayuga,1,29,8,510
2020-04-12T00:00:00.000,Cayuga,1,30,5,515
2020-04-13T00:00:00.000,Cayuga,3,33,52,567
2020-04-14T00:00:00.000,Cayuga,3,36,10,577
2020-04-15T00:00:00.000,Cayuga,0,36,10,587
2020-04-16T00:00:00.000,Cayuga,0,36,1,588
2020-04-17T00:00:00.000,Cayuga,0,36,9,597
2020-04-18T00:00:00.000,Cayuga,0,36,9,606
2020-04-19T00:00:00.000,Cayuga,0,36,12,618
2020-04-20T00:00:00.000,Cayuga,0,36,1,619
2020-04-21T00:00:00.000,Cayuga,0,36,3,622
2020-04-22T00:00:00.000,Cayuga,1,37,12,634
2020-04-23T00:00:00.000,Cayuga,2,39,14,648
2020-04-24T00:00:00.000,Cayuga,8,47,191,839
2020-04-25T00:00:00.000,Cayuga,0,47,19,858
2020-04-26T00:00:00.000,Cayuga,1,48,20,878
2020-04-27T00:00:00.000,Cayuga,0,48,20,898
2020-04-28T00:00:00.000,Cayuga,0,48,34,932
2020-04-29T00:00:00.000,Cayuga,0,48,25,957
2020-04-30T00:00:00.000,Cayuga,3,51,28,985
2020-05-01T00:00:00.000,Cayuga,0,51,17,1002
2020-05-02T00:00:00.000,Cayuga,0,51,14,1016
2020-05-03T00:00:00.000,Cayuga,0,51,10,1026
2020-05-04T00:00:00.000,Cayuga,0,51,22,1048
2020-05-05T00:00:00.000,Cayuga,0,51,19,1067
2020-05-06T00:00:00.000,Cayuga,1,52,25,1092
2020-05-07T00:00:00.000,Cayuga,0,52,20,1112
2020-05-08T00:00:00.000,Cayuga,1,53,61,1173
2020-05-09T00:00:00.000,Cayuga,5,58,23,1196
2020-05-10T00:00:00.000,Cayuga,2,60,48,1244
2020-05-11T00:00:00.000,Cayuga,0,60,23,1267
2020-05-12T00:00:00.000,Cayuga,0,60,45,1312
2020-05-13T00:00:00.000,Cayuga,0,60,104,1416
2020-05-14T00:00:00.000,Cayuga,1,61,261,1677
2020-05-15T00:00:00.000,Cayuga,2,63,111,1788
2020-05-16T00:00:00.000,Cayuga,0,63,79,1867
2020-05-17T00:00:00.000,Cayuga,2,65,189,2056
2020-05-18T00:00:00.000,Cayuga,3,68,68,2124
2020-05-19T00:00:00.000,Cayuga,0,68,106,2230
2020-05-20T00:00:00.000,Cayuga,4,72,105,2335
2020-05-21T00:00:00.000,Cayuga,1,73,245,2580
2020-05-22T00:00:00.000,Cayuga,3,76,356,2936
2020-05-23T00:00:00.000,Cayuga,1,77,143,3079
2020-05-24T00:00:00.000,Cayuga,0,77,176,3255
2020-05-25T00:00:00.000,Cayuga,1,78,76,3331
2020-05-26T00:00:00.000,Cayuga,2,80,117,3448
2020-05-27T00:00:00.000,Cayuga,4,84,101,3549
2020-05-28T00:00:00.000,Cayuga,5,89,383,3932
2020-05-29T00:00:00.000,Cayuga,1,90,374,4306
2020-05-30T00:00:00.000,Cayuga,1,91,249,4555
2020-05-31T00:00:00.000,Cayuga,1,92,289,4844
2020-06-01T00:00:00.000,Cayuga,1,93,250,5094
2020-06-02T00:00:00.000,Cayuga,3,96,288,5382
2020-06-03T00:00:00.000,Cayuga,0,96,375,5757
2020-06-04T00:00:00.000,Cayuga,2,98,375,6132
2020-06-05T00:00:00.000,Cayuga,2,100,299,6431
2020-06-06T00:00:00.000,Cayuga,1,101,233,6664
2020-06-07T00:00:00.000,Cayuga,0,101,465,7129
2020-06-08T00:00:00.000,Cayuga,1,102,231,7360
2020-06-09T00:00:00.000,Cayuga,0,102,231,7591
2020-06-10T00:00:00.000,Cayuga,0,102,152,7743
2020-06-11T00:00:00.000,Cayuga,1,103,337,8080
2020-06-12T00:00:00.000,Cayuga,0,103,170,8250
2020-06-13T00:00:00.000,Cayuga,3,106,432,8682
2020-06-14T00:00:00.000,Cayuga,0,106,106,8788
2020-06-15T00:00:00.000,Cayuga,0,106,169,8957
2020-06-16T00:00:00.000,Cayuga,0,106,142,9099
2020-06-17T00:00:00.000,Cayuga,0,106,98,9197
2020-06-18T00:00:00.000,Cayuga,1,107,476,9673
2020-06-19T00:00:00.000,Cayuga,1,108,225,9898
2020-06-20T00:00:00.000,Cayuga,0,108,420,10318
2020-06-21T00:00:00.000,Cayuga,0,108,101,10419
2020-06-22T00:00:00.000,Cayuga,0,108,193,10612
2020-06-23T00:00:00.000,Cayuga,1,109,144,10756
2020-06-24T00:00:00.000,Cayuga,0,109,116,10872
2020-06-25T00:00:00.000,Cayuga,0,109,200,11072
2020-06-26T00:00:00.000,Cayuga,2,111,285,11357
2020-06-27T00:00:00.000,Cayuga,2,113,338,11695
2020-06-28T00:00:00.000,Cayuga,1,114,277,11972
2020-06-29T00:00:00.000,Cayuga,1,115,184,12156
2020-06-30T00:00:00.000,Cayuga,4,119,121,12277
2020-07-01T00:00:00.000,Cayuga,0,119,126,12403
2020-07-02T00:00:00.000,Cayuga,1,120,194,12597
2020-07-03T00:00:00.000,Cayuga,0,120,308,12905
2020-07-04T00:00:00.000,Cayuga,0,120,97,13002
2020-07-05T00:00:00.000,Cayuga,2,122,75,13077
2020-07-06T00:00:00.000,Cayuga,0,122,188,13265
2020-07-07T00:00:00.000,Cayuga,0,122,262,13527
2020-07-08T00:00:00.000,Cayuga,2,124,240,13767
2020-07-09T00:00:00.000,Cayuga,0,124,291,14058
2020-07-10T00:00:00.000,Cayuga,2,126,236,14294
2020-07-11T00:00:00.000,Cayuga,0,126,308,14602
2020-07-12T00:00:00.000,Cayuga,0,126,154,14756
2020-07-13T00:00:00.000,Cayuga,1,127,362,15118
2020-07-14T00:00:00.000,Cayuga,1,128,190,15308
2020-07-15T00:00:00.000,Cayuga,0,128,221,15529
2020-07-16T00:00:00.000,Cayuga,1,129,574,16103
2020-07-17T00:00:00.000,Cayuga,0,129,253,16356
2020-07-18T00:00:00.000,Cayuga,0,129,92,16448
2020-07-19T00:00:00.000,Cayuga,2,131,172,16620
2020-07-20T00:00:00.000,Cayuga,0,131,325,16945
2020-07-21T00:00:00.000,Cayuga,3,134,346,17291
2020-07-22T00:00:00.000,Cayuga,1,135,376,17667
2020-07-23T00:00:00.000,Cayuga,2,137,423,18090
2020-07-24T00:00:00.000,Cayuga,2,139,260,18350
2020-07-25T00:00:00.000,Cayuga,0,139,438,18788
2020-07-26T00:00:00.000,Cayuga,1,140,238,19026
2020-07-27T00:00:00.000,Cayuga,0,140,168,19194
2020-07-28T00:00:00.000,Cayuga,1,141,236,19430
2020-07-29T00:00:00.000,Cayuga,0,141,205,19635
2020-07-30T00:00:00.000,Cayuga,2,143,152,19787
2020-03-02T00:00:00.000,Chautauqua,0,0,0,0
2020-03-03T00:00:00.000,Chautauqua,0,0,0,0
2020-03-04T00:00:00.000,Chautauqua,0,0,0,0
2020-03-05T00:00:00.000,Chautauqua,0,0,0,0
2020-03-06T00:00:00.000,Chautauqua,0,0,0,0
2020-03-07T00:00:00.000,Chautauqua,0,0,0,0
2020-03-08T00:00:00.000,Chautauqua,0,0,0,0
2020-03-09T00:00:00.000,Chautauqua,0,0,0,0
2020-03-10T00:00:00.000,Chautauqua,0,0,0,0
2020-03-11T00:00:00.000,Chautauqua,0,0,0,0
2020-03-12T00:00:00.000,Chautauqua,0,0,1,1
2020-03-13T00:00:00.000,Chautauqua,0,0,1,2
2020-03-14T00:00:00.000,Chautauqua,0,0,0,2
2020-03-15T00:00:00.000,Chautauqua,0,0,1,3
2020-03-16T00:00:00.000,Chautauqua,0,0,0,3
2020-03-17T00:00:00.000,Chautauqua,0,0,0,3
2020-03-18T00:00:00.000,Chautauqua,0,0,3,6
2020-03-19T00:00:00.000,Chautauqua,0,0,1,7
2020-03-20T00:00:00.000,Chautauqua,0,0,2,9
2020-03-21T00:00:00.000,Chautauqua,0,0,4,13
2020-03-22T00:00:00.000,Chautauqua,0,0,12,25
2020-03-23T00:00:00.000,Chautauqua,0,0,4,29
2020-03-24T00:00:00.000,Chautauqua,1,1,3,32
2020-03-25T00:00:00.000,Chautauqua,0,1,4,36
2020-03-26T00:00:00.000,Chautauqua,0,1,20,56
2020-03-27T00:00:00.000,Chautauqua,4,5,19,75
2020-03-28T00:00:00.000,Chautauqua,0,5,20,95
2020-03-29T00:00:00.000,Chautauqua,0,5,3,98
2020-03-30T00:00:00.000,Chautauqua,1,6,9,107
2020-03-31T00:00:00.000,Chautauqua,0,6,9,116
2020-04-01T00:00:00.000,Chautauqua,2,8,8,124
2020-04-02T00:00:00.000,Chautauqua,1,9,15,139
2020-04-03T00:00:00.000,Chautauqua,1,10,20,159
2020-04-04T00:00:00.000,Chautauqua,1,11,28,187
2020-04-05T00:00:00.000,Chautauqua,4,15,50,237
2020-04-06T00:00:00.000,Chautauqua,1,16,37,274
2020-04-07T00:00:00.000,Chautauqua,1,17,6,280
2020-04-08T00:00:00.000,Chautauqua,1,18,32,312
2020-04-09T00:00:00.000,Chautauqua,2,20,54,366
2020-04-10T00:00:00.000,Chautauqua,1,21,67,433
2020-04-11T00:00:00.000,Chautauqua,1,22,39,472
2020-04-12T00:00:00.000,Chautauqua,1,23,25,497
2020-04-13T00:00:00.000,Chautauqua,0,23,8,505
2020-04-14T00:00:00.000,Chautauqua,1,24,19,524
2020-04-15T00:00:00.000,Chautauqua,0,24,29,553
2020-04-16T00:00:00.000,Chautauqua,1,25,32,585
2020-04-17T00:00:00.000,Chautauqua,0,25,22,607
2020-04-18T00:00:00.000,Chautauqua,0,25,20,627
2020-04-19T00:00:00.000,Chautauqua,0,25,9,636
2020-04-20T00:00:00.000,Chautauqua,0,25,3,639
2020-04-21T00:00:00.000,Chautauqua,1,26,26,665
2020-04-22T00:00:00.000,Chautauqua,0,26,38,703
2020-04-23T00:00:00.000,Chautauqua,1,27,74,777
2020-04-24T00:00:00.000,Chautauqua,0,27,97,874
2020-04-25T00:00:00.000,Chautauqua,2,29,56,930
2020-04-26T00:00:00.000,Chautauqua,1,30,101,1031
2020-04-27T00:00:00.000,Chautauqua,0,30,26,1057
2020-04-28T00:00:00.000,Chautauqua,1,31,64,1121
2020-04-29T00:00:00.000,Chautauqua,2,33,39,1160
2020-04-30T00:00:00.000,Chautauqua,2,35,47,1207
2020-05-01T00:00:00.000,Chautauqua,0,35,53,1260
2020-05-02T00:00:00.000,Chautauqua,1,36,18,1278
2020-05-03T00:00:00.000,Chautauqua,1,37,9,1287
2020-05-04T00:00:00.000,Chautauqua,0,37,54,1341
2020-05-05T00:00:00.000,Chautauqua,1,38,88,1429
2020-05-06T00:00:00.000,Chautauqua,2,40,80,1509
2020-05-07T00:00:00.000,Chautauqua,0,40,51,1560
2020-05-08T00:00:00.000,Chautauqua,0,40,97,1657
2020-05-09T00:00:00.000,Chautauqua,1,41,58,1715
2020-05-10T00:00:00.000,Chautauqua,0,41,27,1742
2020-05-11T00:00:00.000,Chautauqua,1,42,49,1791
2020-05-12T00:00:00.000,Chautauqua,1,43,125,1916
2020-05-13T00:00:00.000,Chautauqua,1,44,125,2041
2020-05-14T00:00:00.000,Chautauqua,1,45,139,2180
2020-05-15T00:00:00.000,Chautauqua,3,48,60,2240
2020-05-16T00:00:00.000,Chautauqua,0,48,91,2331
2020-05-17T00:00:00.000,Chautauqua,1,49,63,2394
2020-05-18T00:00:00.000,Chautauqua,0,49,98,2492
2020-05-19T00:00:00.000,Chautauqua,1,50,90,2582
2020-05-20T00:00:00.000,Chautauqua,8,58,273,2855
2020-05-21T00:00:00.000,Chautauqua,5,63,190,3045
2020-05-22T00:00:00.000,Chautauqua,9,72,217,3262
2020-05-23T00:00:00.000,Chautauqua,3,75,134,3396
2020-05-24T00:00:00.000,Chautauqua,0,75,38,3434
2020-05-25T00:00:00.000,Chautauqua,2,77,94,3528
2020-05-26T00:00:00.000,Chautauqua,1,78,145,3673
2020-05-27T00:00:00.000,Chautauqua,3,81,129,3802
2020-05-28T00:00:00.000,Chautauqua,1,82,637,4439
2020-05-29T00:00:00.000,Chautauqua,1,83,272,4711
2020-05-30T00:00:00.000,Chautauqua,1,84,637,5348
2020-05-31T00:00:00.000,Chautauqua,1,85,253,5601
2020-06-01T00:00:00.000,Chautauqua,1,86,184,5785
2020-06-02T00:00:00.000,Chautauqua,3,89,277,6062
2020-06-03T00:00:00.000,Chautauqua,6,95,604,6666
